        V3<->V53          0.0 & 1.0     Pk  0.0500      43.2       964  0.02352   0.00065    764.6     191.8 Infinite     159.4 Infinite
        V3<->V53          0.0 & 1.0     Pk  0.0200      43.2      2258  0.02340   0.00058    866.1     294.7 Infinite     245.6 Infinite
        V3<->V53          0.0 & 1.0     JR  0.0500      43.2       964  0.02369   0.00039   1276.2    1164.8   1392.6     176.4 Infinite
        V3<->V53          0.0 & 1.0     JR  0.0200      43.2      2258  0.02371   0.00045   1111.8    1047.9   1177.6     223.1 Infinite
        V3<->V103         0.0 & 2.0     Pk  0.0500      40.1       963  0.02757   0.00316    316.7     188.7   2822.4     157.9   2216.1
        V3<->V103         0.0 & 2.0     Pk  0.0200      40.4      2209  0.02665   0.00239    417.6     284.0   2693.2     241.6   1238.9
        V3<->V103         0.0 & 2.0     JR  0.0500      40.1       963  0.02581   0.00074   1355.1    1236.8   1478.8     281.9 Infinite
        V3<->V103         0.0 & 2.0     JR  0.0200      40.4      2209  0.02621   0.00128    782.3     736.8    829.1     297.9 Infinite
        V3<->V153         0.0 & 3.0     Pk  0.0500      43.9       946  0.02670   0.00411    364.7     230.4    893.0     214.0    924.4
        V3<->V153         0.0 & 3.0     Pk  0.0200      43.9      2269  0.02527   0.00269    557.7     372.4   1386.2     351.8   1199.7
        V3<->V153         0.0 & 3.0     JR  0.0500      43.9       946  0.02672   0.00381    393.2     358.5    429.4     224.5   1582.3
        V3<->V153         0.0 & 3.0     JR  0.0200      43.9      2269  0.02618   0.00327    458.5     432.2    485.6     280.8   1249.8
        V3<->V203         0.0 & 4.0     Pk  0.0500      38.0       971  0.02748   0.00157   1274.1     524.9 Infinite     423.4 Infinite
        V3<->V203         0.0 & 4.0     Pk  0.0200      38.1      2221  0.02638   0.00056   3557.0    1124.5 Infinite     870.5 Infinite
        V3<->V203         0.0 & 4.0     JR  0.0500      38.0       971  0.02711   0.00066   3044.2    2779.4   3320.9     563.6 Infinite
        V3<->V203         0.0 & 4.0     JR  0.0200      38.1      2221  0.02666   0.00027   7527.5    7091.2   7976.6     838.3 Infinite
       V53<->V103         1.0 & 2.0     Pk  0.0500      41.3       972  0.02319  -0.00102   -490.5     421.9 Infinite     480.3 Infinite
       V53<->V103         1.0 & 2.0     Pk  0.0200      41.5      2222  0.02374   0.00012   4034.3     447.2 Infinite     342.5 Infinite
       V53<->V103         1.0 & 2.0     JR  0.0500      41.3       972  0.02267  -0.00170   -294.5    -268.9 Infinite    1309.6 Infinite
       V53<->V103         1.0 & 2.0     JR  0.0200      41.5      2222  0.02338  -0.00085   -589.7    -555.5 Infinite     697.6 Infinite
       V53<->V153         1.0 & 3.0     Pk  0.0500      45.2       957  0.02207   0.00007  13916.8     480.4 Infinite     443.8 Infinite
       V53<->V153         1.0 & 3.0     Pk  0.0200      45.2      2303  0.02215   0.00013   7685.8     739.1 Infinite     687.4 Infinite
       V53<->V153         1.0 & 3.0     JR  0.0500      45.2       957  0.02263   0.00040   2526.1    2304.8   2757.4     347.9 Infinite
       V53<->V153         1.0 & 3.0     JR  0.0200      45.2      2303  0.02255   0.00028   3513.8    3313.7   3719.6     481.8 Infinite
       V53<->V203         1.0 & 4.0     Pk  0.0500      39.1       972  0.02478  -0.00073  -2042.6     976.9 Infinite     962.0 Infinite
       V53<->V203         1.0 & 4.0     Pk  0.0200      39.2      2241  0.02423  -0.00117  -1280.3    8490.0 Infinite   10473.5 Infinite
       V53<->V203         1.0 & 4.0     JR  0.0500      39.1       972  0.02595   0.00017   8660.2    7907.2   9446.9     501.6 Infinite
       V53<->V203         1.0 & 4.0     JR  0.0200      39.2      2241  0.02530  -0.00040  -3722.0   -3507.2 Infinite     913.5 Infinite
      V103<->V153         2.0 & 3.0     Pk  0.0500      41.9       947  0.02400   0.00043   1155.3     203.0 Infinite     198.9 Infinite
      V103<->V153         2.0 & 3.0     Pk  0.0200      42.1      2206  0.02406   0.00059    847.7     281.0 Infinite     263.3 Infinite
      V103<->V153         2.0 & 3.0     JR  0.0500      41.9       947  0.02356  -0.00044  -1140.9   -1040.4 Infinite     289.3 Infinite
      V103<->V153         2.0 & 3.0     JR  0.0200      42.1      2206  0.02378  -0.00012  -4117.3   -3877.9 Infinite     336.8 Infinite
      V103<->V203         2.0 & 4.0     Pk  0.0500      36.4       977  0.02780   0.00093   1074.3     334.2 Infinite     283.5 Infinite
      V103<->V203         2.0 & 4.0     Pk  0.0200      36.8      2206  0.02672  -0.00080  -1243.5     832.5 Infinite     898.9 Infinite
      V103<->V203         2.0 & 4.0     JR  0.0500      36.4       977  0.02815   0.00051   1944.9    1776.2   2121.1     310.7 Infinite
      V103<->V203         2.0 & 4.0     JR  0.0200      36.8      2206  0.02719  -0.00017  -6004.5   -5655.4 Infinite     548.7 Infinite
      V153<->V203         3.0 & 4.0     Pk  0.0500      39.6       930  0.02562   0.00055    903.5     172.9 Infinite     169.4 Infinite
      V153<->V203         3.0 & 4.0     Pk  0.0200      39.7      2221  0.02510   0.00006   8765.7     349.5 Infinite     331.8 Infinite
      V153<->V203         3.0 & 4.0     JR  0.0500      39.6       930  0.02714   0.00176    283.7     258.5    310.1     104.6 Infinite
      V153<->V203         3.0 & 4.0     JR  0.0200      39.7      2221  0.02631   0.00093    538.5     507.3    570.6     162.1 Infinite
