      V135<->V185         0.0 & 1.0        47.6      1498  0.01913  -0.00201   -248.6    -231.2 Infinite   -1995.1 Infinite
      V135<->V235         0.0 & 2.0        47.5      1516  0.02177   0.00059   1697.4    1578.7   1820.3     358.2 Infinite
      V135<->V285         0.0 & 3.0        47.6      1517  0.02400   0.00287    523.5     486.9    561.4     287.5   2927.0
      V135<->V335         0.0 & 4.0        49.0      1534  0.01995  -0.00058  -3475.8   -3234.1 Infinite    1554.9 Infinite
      V135<->V385         0.0 & 5.0        48.0      1498  0.02138   0.00042   5995.0    5573.3   6431.9    1017.9 Infinite
      V135<->V435         0.0 & 6.0        49.0      1516  0.02276   0.00225   1332.6    1239.4   1429.1     657.2 Infinite
      V135<->V485         0.0 & 7.0        47.6      1547  0.03352   0.01237    282.9     263.3    303.2     202.5    469.0
      V135<->V535         0.0 & 8.0        47.8      1546  0.03412   0.01304    306.7     285.5    328.7     227.0    472.7
      V135<->V585         0.0 & 9.0        44.1      1457  0.02519   0.00240   1877.3    1743.4   2016.0     934.1 Infinite
      V185<->V235         1.0 & 2.0        46.7      1500  0.02257   0.00102    489.5     455.1    525.1     158.6 Infinite
      V185<->V285         1.0 & 3.0        46.8      1509  0.02208   0.00059   1698.7    1579.6   1822.0     384.7 Infinite
      V185<->V335         1.0 & 4.0        48.1      1514  0.02170   0.00082   1818.3    1691.1   1950.1     501.4 Infinite
      V185<->V385         1.0 & 5.0        47.1      1455  0.02182   0.00048   4173.3    3875.5   4481.9     822.4 Infinite
      V185<->V435         1.0 & 6.0        48.1      1515  0.02252   0.00164   1524.6    1418.0   1635.1     714.2 Infinite
      V185<->V485         1.0 & 7.0        46.8      1493  0.03131   0.00980    306.0     284.4    328.3     204.7    605.9
      V185<->V535         1.0 & 8.0        47.0      1534  0.03366   0.01222    286.3     266.4    306.9     208.1    458.7
      V185<->V585         1.0 & 9.0        43.3      1443  0.02364   0.00042   9478.2    8799.1  10182.2    1714.5 Infinite
      V235<->V285         2.0 & 3.0        46.6      1502  0.02341   0.00185    270.7     251.7    290.4     121.5 Infinite
      V235<->V335         2.0 & 4.0        48.0      1520  0.02107   0.00012   8445.5    7855.6   9056.4     434.1 Infinite
      V235<->V385         2.0 & 5.0        47.0      1487  0.02352   0.00214    702.2     652.6    753.5     317.3 Infinite
      V235<->V435         2.0 & 6.0        48.0      1516  0.02311   0.00217    923.4     858.8    990.3     447.4 Infinite
      V235<->V485         2.0 & 7.0        46.7      1506  0.03388   0.01231    203.2     188.9    217.9     145.7    335.4
      V235<->V535         2.0 & 8.0        46.9      1543  0.03374   0.01224    245.1     228.1    262.7     178.3    391.8
      V235<->V585         2.0 & 9.0        43.3      1453  0.02518   0.00192   1818.7    1688.9   1953.3     800.5 Infinite
      V285<->V335         3.0 & 4.0        48.1      1515  0.02159   0.00070    716.4     666.3    768.3     170.0 Infinite
      V285<->V385         3.0 & 5.0        47.1      1483  0.02355   0.00222    451.4     419.5    484.5     230.8  10255.9
      V285<->V435         3.0 & 6.0        48.1      1524  0.02212   0.00123   1221.9    1136.7   1310.2     461.4 Infinite
      V285<->V485         3.0 & 7.0        46.8      1507  0.03297   0.01146    174.6     162.3    187.3     122.1    306.2
      V285<->V535         3.0 & 8.0        47.0      1521  0.03479   0.01335    187.3     174.2    200.9     138.2    290.5
      V285<->V585         3.0 & 9.0        43.3      1456  0.02702   0.00381    786.8     730.7    845.0     467.2   2491.9
      V335<->V385         4.0 & 5.0        48.5      1488  0.02170   0.00097    512.9     476.7    550.4     164.2 Infinite
      V335<->V435         4.0 & 6.0        49.6      1517  0.02196   0.00169    591.0     549.7    633.8     260.2 Infinite
      V335<->V485         4.0 & 7.0        48.2      1531  0.03260   0.01169    128.3     119.4    137.6      90.7    219.4
      V335<->V535         4.0 & 8.0        48.3      1541  0.03232   0.01149    174.1     162.0    186.6     124.8    288.1
      V335<->V585         4.0 & 9.0        44.5      1485  0.02513   0.00251    994.5     924.3   1067.3     500.0  92173.0
      V385<->V435         5.0 & 6.0        48.5      1478  0.02273   0.00202    247.7     230.1    265.8     119.2 Infinite
      V385<->V485         5.0 & 7.0        47.2      1480  0.03430   0.01295     77.2      71.8     82.9      55.6    126.4
      V385<->V535         5.0 & 8.0        47.3      1493  0.03626   0.01497    100.2      93.2    107.5      75.8    147.7
      V385<->V585         5.0 & 9.0        43.7      1413  0.02589   0.00287    695.8     645.4    748.0     371.6   5458.3
      V435<->V485         6.0 & 7.0        48.2      1532  0.03194   0.01105     45.3      42.1     48.5      31.6     79.8
      V435<->V535         6.0 & 8.0        48.4      1535  0.03314   0.01232     81.2      75.5     87.0      59.3    128.7
      V435<->V585         6.0 & 9.0        44.6      1454  0.02483   0.00230    651.8     605.2    700.0     335.3  11559.1
      V485<->V535         7.0 & 8.0        47.0      1488  0.02103  -0.00035  -1418.4   -1318.3 Infinite     305.4 Infinite
      V485<->V585         7.0 & 9.0        43.3      1461  0.03560   0.01237     80.8      75.1     86.8      57.8    134.2
      V535<->V585         8.0 & 9.0        43.5      1478  0.03544   0.01229     40.7      37.8     43.7      29.3     66.2
