        V3<->V53          0.0 & 1.0        46.3      1483  0.02176   0.00006   9072.0    8430.6   9736.5     220.1 Infinite
        V3<->V103         0.0 & 2.0        30.3      1459  0.03132  -0.00196   -509.4    -473.1 Infinite     892.4 Infinite
        V3<->V135         0.0 & 3.0        46.8      1512  0.02229   0.00083   1809.8    1683.1   1941.1     485.7 Infinite
        V3<->V185         0.0 & 4.0        46.1      1480  0.02265   0.00082   2430.4    2258.4   2608.6     676.7 Infinite
        V3<->V235         0.0 & 5.0        45.9      1520  0.02333   0.00144   1732.5    1611.5   1857.9     594.9 Infinite
        V3<->V285         0.0 & 6.0        46.1      1496  0.02180  -0.00002 -153220.2 -142434.9 Infinite    1458.1 Infinite
        V3<->V335         0.0 & 7.0        47.4      1528  0.02271   0.00150   2332.1    2169.6   2500.3     940.5 Infinite
        V3<->V385         0.0 & 8.0        46.4      1474  0.02262   0.00096   4164.8    3869.5   4470.8    1331.4 Infinite
        V3<->V435         0.0 & 9.0        47.4      1501  0.02053  -0.00067  -6676.1   -6206.9 Infinite    3708.7 Infinite
       V53<->V103         1.0 & 2.0        30.7      1426  0.03020  -0.00267   -187.1    -173.6 Infinite    1063.8 Infinite
       V53<->V135         1.0 & 3.0        47.9      1494  0.02118   0.00018   5618.8    5223.0   6028.8     475.8 Infinite
       V53<->V185         1.0 & 4.0        47.0      1503  0.02097  -0.00040  -3704.7   -3444.5 Infinite    1093.1 Infinite
       V53<->V235         1.0 & 5.0        46.9      1506  0.02077  -0.00067  -2987.6   -2778.0 Infinite    1758.5 Infinite
       V53<->V285         1.0 & 6.0        47.0      1484  0.02052  -0.00086  -2908.9   -2703.3 Infinite    2244.0 Infinite
       V53<->V335         1.0 & 7.0        48.4      1518  0.02059  -0.00017 -17998.1  -16740.2 Infinite    1691.2 Infinite
       V53<->V385         1.0 & 8.0        47.4      1475  0.02270   0.00148   2359.9    2192.6   2533.2     906.2 Infinite
       V53<->V435         1.0 & 9.0        48.4      1499  0.02110   0.00034  11641.9   10823.2  12490.0    1755.9 Infinite
      V103<->V135         2.0 & 3.0        30.9      1483  0.02893  -0.00368   -135.7    -126.1 Infinite    -471.7 Infinite
      V103<->V185         2.0 & 4.0        30.6      1458  0.03111  -0.00186   -536.5    -498.3 Infinite     826.1 Infinite
      V103<->V235         2.0 & 5.0        30.5      1479  0.03093  -0.00209   -717.5    -666.7 Infinite    1162.5 Infinite
      V103<->V285         2.0 & 6.0        30.6      1457  0.03183  -0.00111  -1795.4   -1667.3 Infinite     991.4 Infinite
      V103<->V335         2.0 & 7.0        31.1      1481  0.03155  -0.00084  -2971.2   -2761.1 Infinite    1154.9 Infinite
      V103<->V385         2.0 & 8.0        30.7      1438  0.03327   0.00046   6546.0    6076.2   7033.1     862.0 Infinite
      V103<->V435         2.0 & 9.0        31.2      1466  0.03184  -0.00052  -6767.4   -6286.2 Infinite    1476.9 Infinite
      V135<->V185         3.0 & 4.0        47.6      1498  0.01913  -0.00201   -248.6    -231.2 Infinite   -1995.1 Infinite
      V135<->V235         3.0 & 5.0        47.5      1516  0.02177   0.00059   1697.4    1578.7   1820.3     358.2 Infinite
      V135<->V285         3.0 & 6.0        47.6      1517  0.02400   0.00287    523.5     486.9    561.4     287.5   2927.0
      V135<->V335         3.0 & 7.0        49.0      1534  0.01995  -0.00058  -3475.8   -3234.1 Infinite    1554.9 Infinite
      V135<->V385         3.0 & 8.0        48.0      1498  0.02138   0.00042   5995.0    5573.3   6431.9    1017.9 Infinite
      V135<->V435         3.0 & 9.0        49.0      1516  0.02276   0.00225   1332.6    1239.4   1429.1     657.2 Infinite
      V185<->V235         4.0 & 5.0        46.7      1500  0.02257   0.00102    489.5     455.1    525.1     158.6 Infinite
      V185<->V285         4.0 & 6.0        46.8      1509  0.02208   0.00059   1698.7    1579.6   1822.0     384.7 Infinite
      V185<->V335         4.0 & 7.0        48.1      1514  0.02170   0.00082   1818.3    1691.1   1950.1     501.4 Infinite
      V185<->V385         4.0 & 8.0        47.1      1455  0.02182   0.00048   4173.3    3875.5   4481.9     822.4 Infinite
      V185<->V435         4.0 & 9.0        48.1      1515  0.02252   0.00164   1524.6    1418.0   1635.1     714.2 Infinite
      V235<->V285         5.0 & 6.0        46.6      1502  0.02341   0.00185    270.7     251.7    290.4     121.5 Infinite
      V235<->V335         5.0 & 7.0        48.0      1520  0.02107   0.00012   8445.5    7855.6   9056.4     434.1 Infinite
      V235<->V385         5.0 & 8.0        47.0      1487  0.02352   0.00214    702.2     652.6    753.5     317.3 Infinite
      V235<->V435         5.0 & 9.0        48.0      1516  0.02311   0.00217    923.4     858.8    990.3     447.4 Infinite
      V285<->V335         6.0 & 7.0        48.1      1515  0.02159   0.00070    716.4     666.3    768.3     170.0 Infinite
      V285<->V385         6.0 & 8.0        47.1      1483  0.02355   0.00222    451.4     419.5    484.5     230.8  10255.9
      V285<->V435         6.0 & 9.0        48.1      1524  0.02212   0.00123   1221.9    1136.7   1310.2     461.4 Infinite
      V335<->V385         7.0 & 8.0        48.5      1488  0.02170   0.00097    512.9     476.7    550.4     164.2 Infinite
      V335<->V435         7.0 & 9.0        49.6      1517  0.02196   0.00169    591.0     549.7    633.8     260.2 Infinite
      V385<->V435         8.0 & 9.0        48.5      1478  0.02273   0.00202    247.7     230.1    265.8     119.2 Infinite
